1 0.5120192307692307 0.8581730769230769 0.15384615384615385 0.18990384615384615
1 0.29086538461538464 0.8786057692307693 0.0985576923076923 0.18028846153846154
1 0.359375 0.7175480769230769 0.08413461538461539 0.16346153846153846
1 0.3641826923076923 0.6129807692307693 0.06971153846153846 0.12740384615384615
1 0.4651442307692308 0.640625 0.10096153846153846 0.10096153846153846
1 0.5528846153846154 0.6237980769230769 0.09134615384615384 0.10096153846153846
1 0.6286057692307693 0.5841346153846154 0.08653846153846154 0.09615384615384616
1 0.671875 0.4651442307692308 0.06009615384615385 0.0889423076923077
1 0.5793269230769231 0.5 0.07932692307692307 0.11778846153846154
1 0.5048076923076923 0.5697115384615384 0.10336538461538461 0.08413461538461539
1 0.2644230769230769 0.6574519230769231 0.0985576923076923 0.09134615384615384
1 0.1658653846153846 0.7427884615384616 0.125 0.09375
1 0.1622596153846154 0.6838942307692307 0.0985576923076923 0.0625
1 0.16105769230769232 0.6201923076923077 0.09134615384615384 0.08173076923076923
1 0.11298076923076923 0.5901442307692307 0.08413461538461539 0.10576923076923077
1 0.056490384615384616 0.7115384615384616 0.07692307692307693 0.13942307692307693
1 0.21754807692307693 0.44350961538461536 0.0625 0.057692307692307696
1 0.25961538461538464 0.4831730769230769 0.0625 0.09134615384615384
1 0.30408653846153844 0.38822115384615385 0.04807692307692308 0.09375
1 0.3786057692307692 0.36899038461538464 0.04567307692307692 0.052884615384615384
1 0.3918269230769231 0.47115384615384615 0.05048076923076923 0.07451923076923077
1 0.4230769230769231 0.5012019230769231 0.06009615384615385 0.11778846153846154
1 0.4651442307692308 0.45552884615384615 0.04807692307692308 0.07692307692307693
1 0.5012019230769231 0.3605769230769231 0.040865384615384616 0.057692307692307696
1 0.6045673076923077 0.3233173076923077 0.036057692307692304 0.052884615384615384
1 0.47716346153846156 0.3161057692307692 0.03125 0.04807692307692308
1 0.7680288461538461 0.5877403846153846 0.0985576923076923 0.125
1 0.9074519230769231 0.8028846153846154 0.13701923076923078 0.17067307692307693
1 0.9627403846153846 0.7632211538461539 0.07451923076923077 0.19951923076923078
1 0.9471153846153846 0.5769230769230769 0.09375 0.10817307692307693
1 0.9567307692307693 0.5036057692307693 0.08653846153846154 0.11298076923076923