1 0.5769230769230769 0.6382211538461539 0.07932692307692307 0.11778846153846154
1 0.5829326923076923 0.5600961538461539 0.09375 0.125
1 0.49278846153846156 0.5552884615384616 0.0673076923076923 0.09134615384615384
1 0.5048076923076923 0.4855769230769231 0.04807692307692308 0.07932692307692307
1 0.4735576923076923 0.4338942307692308 0.0625 0.0673076923076923
1 0.421875 0.5348557692307693 0.0625 0.10576923076923077
1 0.26802884615384615 0.8461538461538461 0.13221153846153846 0.15625
1 0.19230769230769232 0.3894230769230769 0.0985576923076923 0.16346153846153846
1 0.109375 0.3954326923076923 0.08173076923076923 0.10817307692307693
1 0.32091346153846156 0.3473557692307692 0.040865384615384616 0.0673076923076923
1 0.5637019230769231 0.4543269230769231 0.055288461538461536 0.0625
1 0.7752403846153846 0.4987980769230769 0.06971153846153846 0.08413461538461539
1 0.8653846153846154 0.5853365384615384 0.06490384615384616 0.09134615384615384
1 0.9387019230769231 0.6814903846153846 0.09134615384615384 0.10817307692307693
1 0.8641826923076923 0.5552884615384616 0.07692307692307693 0.15144230769230768
1 0.8161057692307693 0.4723557692307692 0.040865384615384616 0.06490384615384616
1 0.7295673076923077 0.4483173076923077 0.040865384615384616 0.055288461538461536
1 0.7487980769230769 0.42427884615384615 0.03125 0.04326923076923077
1 0.6947115384615384 0.40625 0.036057692307692304 0.052884615384615384
1 0.5661057692307693 0.40024038461538464 0.03365384615384615 0.040865384615384616
1 0.5240384615384616 0.4098557692307692 0.038461538461538464 0.052884615384615384
1 0.2620192307692308 0.41225961538461536 0.04807692307692308 0.0673076923076923