1 0.3125 0.6021634615384616 0.09615384615384616 0.125
1 0.3942307692307692 0.5588942307692307 0.08413461538461539 0.14182692307692307
1 0.2824519230769231 0.4375 0.0985576923076923 0.21634615384615385
1 0.7572115384615384 0.6057692307692307 0.07692307692307693 0.0985576923076923
1 0.9254807692307693 0.6574519230769231 0.10817307692307693 0.12259615384615384
1 0.9266826923076923 0.7572115384615384 0.1346153846153846 0.16105769230769232
1 0.9603365384615384 0.515625 0.07932692307692307 0.0889423076923077
1 0.6947115384615384 0.4855769230769231 0.057692307692307696 0.08653846153846154
1 0.6862980769230769 0.39903846153846156 0.052884615384615384 0.06490384615384616
1 0.4411057692307692 0.515625 0.08653846153846154 0.1346153846153846
1 0.21033653846153846 0.5673076923076923 0.03365384615384615 0.09615384615384616
1 0.16466346153846154 0.7668269230769231 0.0673076923076923 0.14182692307692307
1 0.3858173076923077 0.40625 0.07211538461538461 0.11538461538461539