1 0.7776442307692307 0.8725961538461539 0.13701923076923078 0.17548076923076922
1 0.8557692307692307 0.5528846153846154 0.04807692307692308 0.040865384615384616
1 0.8137019230769231 0.5420673076923077 0.04807692307692308 0.055288461538461536
1 0.8449519230769231 0.49158653846153844 0.03365384615384615 0.04807692307692308
1 0.23076923076923078 0.9266826923076923 0.21153846153846154 0.1466346153846154
1 0.22115384615384615 0.8425480769230769 0.1466346153846154 0.12980769230769232
1 0.3449519230769231 0.7331730769230769 0.10096153846153846 0.15144230769230768
1 0.4326923076923077 0.7283653846153846 0.10096153846153846 0.125
1 0.5204326923076923 0.6778846153846154 0.06009615384615385 0.06490384615384616
1 0.8918269230769231 0.4951923076923077 0.036057692307692304 0.04326923076923077
1 0.6117788461538461 0.6334134615384616 0.07932692307692307 0.06490384615384616
1 0.5492788461538461 0.609375 0.06971153846153846 0.08173076923076923