1 0.5072115384615384 0.8305288461538461 0.19951923076923078 0.19471153846153846
1 0.2608173076923077 0.8449519230769231 0.2403846153846154 0.25240384615384615
1 0.24639423076923078 0.39663461538461536 0.125 0.16105769230769232
1 0.3125 0.37259615384615385 0.10096153846153846 0.11538461538461539
1 0.4651442307692308 0.41346153846153844 0.1346153846153846 0.1466346153846154
1 0.0985576923076923 0.35216346153846156 0.12259615384615384 0.12740384615384615
1 0.4182692307692308 0.23557692307692307 0.07451923076923077 0.07211538461538461
1 0.4735576923076923 0.2668269230769231 0.055288461538461536 0.06971153846153846
1 0.5168269230769231 0.24639423076923078 0.08173076923076923 0.08413461538461539
1 0.5949519230769231 0.2800480769230769 0.07451923076923077 0.08173076923076923
1 0.6310096153846154 0.32211538461538464 0.08413461538461539 0.09375
1 0.796875 0.5336538461538461 0.10096153846153846 0.11057692307692307
1 0.8954326923076923 0.49278846153846156 0.125 0.14423076923076922
1 0.9387019230769231 0.5973557692307693 0.12259615384615384 0.1466346153846154
1 0.8125 0.38100961538461536 0.10817307692307693 0.11538461538461539
1 0.7379807692307693 0.2668269230769231 0.08413461538461539 0.09615384615384616
1 0.6694711538461539 0.4543269230769231 0.17067307692307693 0.2403846153846154
1 0.6442307692307693 0.203125 0.06971153846153846 0.06971153846153846