1 0.056490384615384616 0.7127403846153846 0.10336538461538461 0.25
1 0.06009615384615385 0.7403846153846154 0.09375 0.17548076923076922
1 0.18269230769230768 0.6814903846153846 0.11778846153846154 0.1201923076923077
1 0.29447115384615385 0.5396634615384616 0.04807692307692308 0.12740384615384615
1 0.3401442307692308 0.6490384615384616 0.06490384615384616 0.17067307692307693
1 0.3737980769230769 0.5336538461538461 0.08413461538461539 0.10336538461538461
1 0.4338942307692308 0.46274038461538464 0.05048076923076923 0.125
1 0.4423076923076923 0.35697115384615385 0.038461538461538464 0.10096153846153846
1 0.3954326923076923 0.3641826923076923 0.036057692307692304 0.08653846153846154
1 0.45552884615384615 0.5805288461538461 0.08173076923076923 0.07932692307692307
1 0.44350961538461536 0.7307692307692307 0.12259615384615384 0.12980769230769232
1 0.5348557692307693 0.5721153846153846 0.07692307692307693 0.07932692307692307
1 0.5913461538461539 0.6153846153846154 0.10817307692307693 0.07451923076923077
1 0.23798076923076922 0.5168269230769231 0.055288461538461536 0.11057692307692307
1 0.1502403846153846 0.5396634615384616 0.07692307692307693 0.0985576923076923
1 0.17548076923076922 0.4230769230769231 0.0889423076923077 0.0889423076923077
1 0.33052884615384615 0.31009615384615385 0.04807692307692308 0.08173076923076923
1 0.65625 0.3269230769230769 0.055288461538461536 0.11538461538461539