1 0.34375 0.8533653846153846 0.052884615384615384 0.07211538461538461
1 0.41225961538461536 0.8521634615384616 0.06490384615384616 0.07211538461538461
1 0.27884615384615385 0.8425480769230769 0.06009615384615385 0.057692307692307696
1 0.3161057692307692 0.8209134615384616 0.03125 0.05048076923076923
1 0.2764423076923077 0.7740384615384616 0.04807692307692308 0.07211538461538461
1 0.25721153846153844 0.8100961538461539 0.06490384615384616 0.0673076923076923
1 0.20432692307692307 0.5925480769230769 0.028846153846153848 0.052884615384615384
1 0.6586538461538461 0.84375 0.052884615384615384 0.04807692307692308
1 0.7548076923076923 0.875 0.06009615384615385 0.06009615384615385
1 0.921875 0.9242788461538461 0.07451923076923077 0.07451923076923077
1 0.5372596153846154 0.796875 0.0625 0.055288461538461536
1 0.44350961538461536 0.7512019230769231 0.05048076923076923 0.055288461538461536