1 0.3473557692307692 0.6490384615384616 0.11778846153846154 0.14182692307692307
1 0.41466346153846156 0.5853365384615384 0.11057692307692307 0.15384615384615385
1 0.27283653846153844 0.5 0.13942307692307693 0.2283653846153846
1 0.7764423076923077 0.5300480769230769 0.09375 0.11057692307692307
1 0.9435096153846154 0.5336538461538461 0.11298076923076923 0.13942307692307693
1 0.9495192307692307 0.6274038461538461 0.10096153846153846 0.18269230769230768
1 0.9471153846153846 0.38822115384615385 0.09615384615384616 0.10336538461538461
1 0.6826923076923077 0.4326923076923077 0.07211538461538461 0.09615384615384616
1 0.6514423076923077 0.35216346153846156 0.06490384615384616 0.07211538461538461
1 0.44711538461538464 0.53125 0.11057692307692307 0.1466346153846154
1 0.2403846153846154 0.6442307692307693 0.052884615384615384 0.10096153846153846
1 0.2512019230769231 0.8497596153846154 0.09375 0.14903846153846154
1 0.3641826923076923 0.4411057692307692 0.09375 0.12740384615384615