1 0.4074519230769231 0.7151442307692307 0.07692307692307693 0.13701923076923078
1 0.43028846153846156 0.5829326923076923 0.0625 0.0889423076923077
1 0.47475961538461536 0.4639423076923077 0.038461538461538464 0.06490384615384616
1 0.44350961538461536 0.43028846153846156 0.03365384615384615 0.06490384615384616
1 0.8004807692307693 0.8665865384615384 0.13701923076923078 0.21634615384615385
1 0.8846153846153846 0.6814903846153846 0.0889423076923077 0.09375
1 0.9447115384615384 0.6478365384615384 0.07451923076923077 0.12740384615384615
1 0.8521634615384616 0.5733173076923077 0.08173076923076923 0.07211538461538461
1 0.6189903846153846 0.5540865384615384 0.04807692307692308 0.06971153846153846
1 0.5685096153846154 0.5252403846153846 0.06009615384615385 0.09375
1 0.5829326923076923 0.4795673076923077 0.040865384615384616 0.06490384615384616
1 0.6538461538461539 0.5360576923076923 0.0625 0.0889423076923077
1 0.7115384615384616 0.5036057692307693 0.04567307692307692 0.06490384615384616
1 0.28365384615384615 0.46153846153846156 0.04326923076923077 0.057692307692307696
1 0.0673076923076923 0.5408653846153846 0.0673076923076923 0.11298076923076923
1 0.18629807692307693 0.43149038461538464 0.04807692307692308 0.07211538461538461
1 0.33653846153846156 0.40384615384615385 0.040865384615384616 0.07932692307692307
1 0.39663461538461536 0.38461538461538464 0.028846153846153848 0.04326923076923077
1 0.3737980769230769 0.3713942307692308 0.036057692307692304 0.052884615384615384
1 0.5396634615384616 0.421875 0.036057692307692304 0.0673076923076923