1 0.14302884615384615 0.8942307692307693 0.15384615384615385 0.20432692307692307
1 0.0733173076923077 0.6995192307692307 0.08413461538461539 0.15625
1 0.06850961538461539 0.5408653846153846 0.08173076923076923 0.1201923076923077
1 0.18629807692307693 0.59375 0.0889423076923077 0.07932692307692307
1 0.2980769230769231 0.6262019230769231 0.06971153846153846 0.15144230769230768
1 0.37259615384615385 0.47596153846153844 0.06009615384615385 0.057692307692307696
1 0.29927884615384615 0.4879807692307692 0.07692307692307693 0.040865384615384616
1 0.4338942307692308 0.5384615384615384 0.0673076923076923 0.08173076923076923
1 0.5637019230769231 0.6310096153846154 0.05048076923076923 0.07451923076923077
1 0.59375 0.7716346153846154 0.06009615384615385 0.09615384615384616
1 0.6682692307692307 0.8293269230769231 0.055288461538461536 0.1346153846153846
1 0.9759615384615384 0.7379807692307693 0.04807692307692308 0.14903846153846154
1 0.9038461538461539 0.5913461538461539 0.0625 0.0889423076923077
1 0.8076923076923077 0.734375 0.10336538461538461 0.12740384615384615
1 0.21754807692307693 0.49038461538461536 0.07211538461538461 0.0625
1 0.5997596153846154 0.5420673076923077 0.04567307692307692 0.08413461538461539
1 0.6069711538461539 0.8810096153846154 0.06009615384615385 0.12980769230769232
1 0.7596153846153846 0.484375 0.06009615384615385 0.07692307692307693
1 0.6826923076923077 0.5901442307692307 0.0625 0.057692307692307696
1 0.6622596153846154 0.5360576923076923 0.03365384615384615 0.07211538461538461