1 0.5817307692307693 0.6358173076923077 0.07692307692307693 0.11778846153846154
1 0.5841346153846154 0.5576923076923077 0.09134615384615384 0.12259615384615384
1 0.49399038461538464 0.5552884615384616 0.06490384615384616 0.09134615384615384
1 0.5036057692307693 0.4855769230769231 0.04567307692307692 0.07692307692307693
1 0.47115384615384615 0.43509615384615385 0.06009615384615385 0.06490384615384616
1 0.4230769230769231 0.5384615384615384 0.057692307692307696 0.10576923076923077
1 0.2800480769230769 0.8545673076923077 0.12740384615384615 0.15384615384615385
1 0.18870192307692307 0.40024038461538464 0.09375 0.16105769230769232
1 0.10576923076923077 0.40865384615384615 0.07692307692307693 0.10576923076923077
1 0.3161057692307692 0.35336538461538464 0.038461538461538464 0.0673076923076923
1 0.5612980769230769 0.4519230769230769 0.052884615384615384 0.06009615384615385
1 0.7752403846153846 0.4891826923076923 0.0673076923076923 0.08173076923076923
1 0.8677884615384616 0.5721153846153846 0.0625 0.09134615384615384
1 0.9459134615384616 0.6658653846153846 0.0889423076923077 0.10576923076923077
1 0.8653846153846154 0.5420673076923077 0.07211538461538461 0.14903846153846154
1 0.8149038461538461 0.46153846153846156 0.038461538461538464 0.0625
1 0.7271634615384616 0.4411057692307692 0.040865384615384616 0.052884615384615384
1 0.7451923076923077 0.41586538461538464 0.028846153846153848 0.04326923076923077
1 0.6923076923076923 0.39903846153846156 0.036057692307692304 0.052884615384615384
1 0.5625 0.39783653846153844 0.03365384615384615 0.040865384615384616
1 0.5204326923076923 0.40865384615384615 0.038461538461538464 0.05048076923076923
1 0.25961538461538464 0.4206730769230769 0.04567307692307692 0.0673076923076923