1 0.375 0.8653846153846154 0.057692307692307696 0.07692307692307693
1 0.44350961538461536 0.8581730769230769 0.07211538461538461 0.07692307692307693
1 0.3088942307692308 0.8605769230769231 0.06490384615384616 0.0625
1 0.3449519230769231 0.8365384615384616 0.03365384615384615 0.052884615384615384
1 0.3004807692307692 0.7920673076923077 0.052884615384615384 0.07451923076923077
1 0.2848557692307692 0.8305288461538461 0.06971153846153846 0.07211538461538461
1 0.2127403846153846 0.6177884615384616 0.03365384615384615 0.055288461538461536
1 0.6875 0.828125 0.055288461538461536 0.05048076923076923
1 0.7860576923076923 0.8509615384615384 0.06490384615384616 0.06490384615384616
1 0.9567307692307693 0.8858173076923077 0.07932692307692307 0.07932692307692307
1 0.5625 0.7920673076923077 0.0673076923076923 0.06009615384615385
1 0.46634615384615385 0.7548076923076923 0.055288461538461536 0.057692307692307696