1 0.671875 0.7824519230769231 0.19951923076923078 0.19471153846153846
1 0.4639423076923077 0.8954326923076923 0.2403846153846154 0.2091346153846154
1 0.2283653846153846 0.5372596153846154 0.125 0.16105769230769232
1 0.27403846153846156 0.4831730769230769 0.10096153846153846 0.11538461538461539
1 0.4266826923076923 0.4423076923076923 0.1346153846153846 0.1466346153846154
1 0.07932692307692307 0.5733173076923077 0.12259615384615384 0.12740384615384615
1 0.296875 0.3112980769230769 0.07451923076923077 0.07211538461538461
1 0.359375 0.3112980769230769 0.055288461538461536 0.06971153846153846
1 0.38822115384615385 0.27283653846153844 0.08173076923076923 0.08413461538461539
1 0.4723557692307692 0.2620192307692308 0.07451923076923077 0.08173076923076923
1 0.5240384615384616 0.2800480769230769 0.08413461538461539 0.09375
1 0.7740384615384616 0.38100961538461536 0.10096153846153846 0.11057692307692307
1 0.8389423076923077 0.2956730769230769 0.125 0.14423076923076922
1 0.9302884615384616 0.3641826923076923 0.125 0.1466346153846154
1 0.7115384615384616 0.2403846153846154 0.10817307692307693 0.11538461538461539
1 0.5889423076923077 0.17908653846153846 0.08413461538461539 0.09615384615384616
1 0.6237980769230769 0.3762019230769231 0.17067307692307693 0.2403846153846154
1 0.47596153846153844 0.17067307692307693 0.06971153846153846 0.06971153846153846