1 0.6778846153846154 0.7247596153846154 0.13221153846153846 0.18990384615384615
1 0.8617788461538461 0.6225961538461539 0.057692307692307696 0.08173076923076923
1 0.7764423076923077 0.5661057692307693 0.04807692307692308 0.04567307692307692
1 0.7127403846153846 0.5276442307692307 0.040865384615384616 0.0673076923076923
1 0.5420673076923077 0.6370192307692307 0.07932692307692307 0.09615384615384616
1 0.5252403846153846 0.7752403846153846 0.11057692307692307 0.13942307692307693
1 0.4495192307692308 0.6153846153846154 0.06971153846153846 0.0625
1 0.2848557692307692 0.8425480769230769 0.15625 0.15865384615384615
1 0.16826923076923078 0.7355769230769231 0.14903846153846154 0.10576923076923077
1 0.10096153846153846 0.8449519230769231 0.19230769230769232 0.1466346153846154
1 0.23798076923076922 0.5661057692307693 0.06490384615384616 0.05048076923076923
1 0.49158653846153844 0.5300480769230769 0.057692307692307696 0.04807692307692308
1 0.12139423076923077 0.5576923076923077 0.0625 0.07211538461538461
1 0.25961538461538464 0.5372596153846154 0.052884615384615384 0.06971153846153846
1 0.9182692307692307 0.5540865384615384 0.040865384615384616 0.06009615384615385
1 0.84375 0.5168269230769231 0.036057692307692304 0.057692307692307696
1 0.5889423076923077 0.4855769230769231 0.04807692307692308 0.036057692307692304
1 0.5048076923076923 0.49158653846153844 0.040865384615384616 0.04567307692307692
1 0.4206730769230769 0.5096153846153846 0.04567307692307692 0.04567307692307692