1 0.3641826923076923 0.6237980769230769 0.17307692307692307 0.31971153846153844
1 0.7223557692307693 0.6225961538461539 0.27163461538461536 0.4807692307692308
1 0.5757211538461539 0.6069711538461539 0.10817307692307693 0.2620192307692308
1 0.13581730769230768 0.6334134615384616 0.125 0.25721153846153844
1 0.07091346153846154 0.6466346153846154 0.14182692307692307 0.34615384615384615
1 0.3389423076923077 0.36778846153846156 0.0673076923076923 0.11778846153846154
1 0.44591346153846156 0.3449519230769231 0.09134615384615384 0.15384615384615385
1 0.7536057692307693 0.3245192307692308 0.057692307692307696 0.10336538461538461
1 0.6262019230769231 0.2608173076923077 0.04567307692307692 0.11057692307692307
1 0.9338942307692307 0.6502403846153846 0.055288461538461536 0.2620192307692308
1 0.96875 0.6838942307692307 0.06009615384615385 0.28365384615384615
1 0.9675480769230769 0.33413461538461536 0.06490384615384616 0.16826923076923078
1 0.040865384615384616 0.36778846153846156 0.07692307692307693 0.1346153846153846
1 0.17307692307692307 0.3137019230769231 0.08653846153846154 0.13221153846153846