1 0.3545673076923077 0.6117788461538461 0.19951923076923078 0.3317307692307692
1 0.7115384615384616 0.6418269230769231 0.3125 0.5024038461538461
1 0.5661057692307693 0.6129807692307693 0.12980769230769232 0.2692307692307692
1 0.12620192307692307 0.6009615384615384 0.1466346153846154 0.2668269230769231
1 0.07211538461538461 0.6081730769230769 0.14423076923076922 0.3557692307692308
1 0.35096153846153844 0.35336538461538464 0.07692307692307693 0.125
1 0.46033653846153844 0.34134615384615385 0.10336538461538461 0.16105769230769232
1 0.7680288461538461 0.3473557692307692 0.0673076923076923 0.10817307692307693
1 0.6466346153846154 0.27283653846153844 0.055288461538461536 0.11298076923076923
1 0.9194711538461539 0.6875 0.07692307692307693 0.2668269230769231
1 0.9519230769230769 0.7235576923076923 0.08413461538461539 0.2860576923076923
1 0.9711538461538461 0.375 0.057692307692307696 0.17307692307692307
1 0.054086538461538464 0.328125 0.0889423076923077 0.13942307692307693
1 0.18990384615384615 0.2860576923076923 0.09615384615384616 0.13701923076923078