1 0.640625 0.3713942307692308 0.16105769230769232 0.27163461538461536
1 0.7836538461538461 0.3894230769230769 0.11298076923076923 0.16105769230769232
1 0.8485576923076923 0.31971153846153844 0.10096153846153846 0.12980769230769232
1 0.9375 0.41225961538461536 0.125 0.17067307692307693
1 0.6442307692307693 0.8521634615384616 0.15625 0.19951923076923078
1 0.4266826923076923 0.9110576923076923 0.21394230769230768 0.1778846153846154
1 0.4254807692307692 0.4375 0.12259615384615384 0.15144230769230768
1 0.22956730769230768 0.5144230769230769 0.12259615384615384 0.14182692307692307
1 0.2668269230769231 0.4387019230769231 0.1201923076923077 0.1778846153846154
1 0.07091346153846154 0.5192307692307693 0.11298076923076923 0.14903846153846154
1 0.11778846153846154 0.23076923076923078 0.057692307692307696 0.07211538461538461
1 0.37740384615384615 0.28365384615384615 0.06490384615384616 0.0889423076923077
1 0.41346153846153844 0.25 0.0673076923076923 0.08653846153846154
1 0.484375 0.22596153846153846 0.0673076923076923 0.10576923076923077
1 0.5396634615384616 0.27163461538461536 0.08173076923076923 0.11538461538461539
1 0.3076923076923077 0.25841346153846156 0.07211538461538461 0.10096153846153846
1 0.6995192307692307 0.18269230769230768 0.05048076923076923 0.07451923076923077
1 0.6129807692307693 0.15745192307692307 0.07451923076923077 0.0889423076923077