1 0.09735576923076923 0.8485576923076923 0.17067307692307693 0.21634615384615385
1 0.051682692307692304 0.6466346153846154 0.0985576923076923 0.16346153846153846
1 0.06610576923076923 0.4879807692307692 0.09134615384615384 0.12740384615384615
1 0.1778846153846154 0.5540865384615384 0.09615384615384616 0.08653846153846154
1 0.28365384615384615 0.6009615384615384 0.08173076923076923 0.15865384615384615
1 0.3762019230769231 0.46033653846153844 0.06490384615384616 0.0625
1 0.3016826923076923 0.4639423076923077 0.07932692307692307 0.04807692307692308
1 0.42908653846153844 0.5300480769230769 0.07211538461538461 0.08653846153846154
1 0.546875 0.6382211538461539 0.055288461538461536 0.07692307692307693
1 0.5600961538461539 0.7800480769230769 0.0673076923076923 0.10096153846153846
1 0.6262019230769231 0.8473557692307693 0.0673076923076923 0.13942307692307693
1 0.9459134615384616 0.7956730769230769 0.06490384615384616 0.15144230769230768
1 0.890625 0.640625 0.06971153846153846 0.09375
1 0.7776442307692307 0.7692307692307693 0.11538461538461539 0.13701923076923078
1 0.22115384615384615 0.4567307692307692 0.07692307692307693 0.0673076923076923
1 0.59375 0.5528846153846154 0.052884615384615384 0.08653846153846154
1 0.5588942307692307 0.890625 0.07211538461538461 0.1346153846153846
1 0.7596153846153846 0.5168269230769231 0.0673076923076923 0.08173076923076923
1 0.6706730769230769 0.6117788461538461 0.0673076923076923 0.06490384615384616
1 0.65625 0.5552884615384616 0.040865384615384616 0.07451923076923077