1 0.6598557692307693 0.39783653846153844 0.12740384615384615 0.25721153846153844
1 0.7992788461538461 0.43990384615384615 0.09375 0.15144230769230768
1 0.875 0.38221153846153844 0.08413461538461539 0.1201923076923077
1 0.9471153846153846 0.4891826923076923 0.10576923076923077 0.15865384615384615
1 0.5817307692307693 0.8713942307692307 0.13221153846153846 0.18509615384615385
1 0.35336538461538464 0.9074519230769231 0.18990384615384615 0.18269230769230768
1 0.4375 0.4254807692307692 0.10336538461538461 0.13942307692307693
1 0.23076923076923078 0.4675480769230769 0.10576923076923077 0.12740384615384615
1 0.2800480769230769 0.39903846153846156 0.0985576923076923 0.1658653846153846
1 0.07451923076923077 0.44471153846153844 0.09375 0.13701923076923078
1 0.17067307692307693 0.16826923076923078 0.04807692307692308 0.06490384615384616
1 0.41586538461538464 0.265625 0.052884615384615384 0.08413461538461539
1 0.4579326923076923 0.23798076923076922 0.057692307692307696 0.07932692307692307
1 0.5324519230769231 0.22716346153846154 0.055288461538461536 0.0985576923076923
1 0.578125 0.28125 0.0673076923076923 0.10576923076923077
1 0.35216346153846156 0.2283653846153846 0.06009615384615385 0.09375
1 0.7512019230769231 0.22235576923076922 0.040865384615384616 0.06971153846153846
1 0.6706730769230769 0.1814903846153846 0.06490384615384616 0.07932692307692307