1 0.2764423076923077 0.9362980769230769 0.11057692307692307 0.12740384615384615
1 0.3112980769230769 0.8822115384615384 0.11298076923076923 0.15625
1 0.35216346153846156 0.8353365384615384 0.11298076923076923 0.16346153846153846
1 0.39903846153846156 0.7980769230769231 0.0985576923076923 0.14423076923076922
1 0.44711538461538464 0.765625 0.09615384615384616 0.12740384615384615
1 0.4675480769230769 0.7199519230769231 0.09615384615384616 0.1201923076923077
1 0.4951923076923077 0.6850961538461539 0.08653846153846154 0.1201923076923077
1 0.53125 0.65625 0.06971153846153846 0.13942307692307693
1 0.5685096153846154 0.6322115384615384 0.06009615384615385 0.13701923076923078
1 0.6081730769230769 0.5925480769230769 0.0625 0.09134615384615384
1 0.33533653846153844 0.6971153846153846 0.11538461538461539 0.0889423076923077
1 0.36899038461538464 0.5805288461538461 0.0985576923076923 0.0673076923076923
1 0.6947115384615384 0.8028846153846154 0.0985576923076923 0.11057692307692307
1 0.8052884615384616 0.6129807692307693 0.08653846153846154 0.10096153846153846
1 0.8629807692307693 0.7475961538461539 0.0985576923076923 0.1201923076923077
1 0.7836538461538461 0.9098557692307693 0.1346153846153846 0.11778846153846154
1 0.6430288461538461 0.8954326923076923 0.1346153846153846 0.14423076923076922
1 0.734375 0.7271634615384616 0.11057692307692307 0.10096153846153846