1 0.3942307692307692 0.5048076923076923 0.10336538461538461 0.0985576923076923
1 0.6021634615384616 0.6502403846153846 0.20432692307692307 0.20673076923076922
1 0.5228365384615384 0.8858173076923077 0.21875 0.2283653846153846
1 0.7560096153846154 0.5216346153846154 0.11298076923076923 0.1778846153846154
1 0.9350961538461539 0.6814903846153846 0.12740384615384615 0.13942307692307693
1 0.9158653846153846 0.6105769230769231 0.10096153846153846 0.1201923076923077
1 0.5036057692307693 0.35096153846153844 0.04567307692307692 0.07211538461538461
1 0.4567307692307692 0.36778846153846156 0.052884615384615384 0.0673076923076923
1 0.5168269230769231 0.2920673076923077 0.04807692307692308 0.10817307692307693
1 0.48677884615384615 0.31009615384615385 0.07451923076923077 0.125
1 0.2536057692307692 0.5036057692307693 0.06490384615384616 0.07692307692307693
1 0.16105769230769232 0.5276442307692307 0.04326923076923077 0.06971153846153846