1 0.6478365384615384 0.9278846153846154 0.12259615384615384 0.14423076923076922
1 0.8221153846153846 0.6598557692307693 0.04567307692307692 0.036057692307692304
1 0.7848557692307693 0.6370192307692307 0.04326923076923077 0.052884615384615384
1 0.8305288461538461 0.5985576923076923 0.028846153846153848 0.04567307692307692
1 0.11177884615384616 0.828125 0.20192307692307693 0.13701923076923078
1 0.12860576923076922 0.7403846153846154 0.13701923076923078 0.11778846153846154
1 0.2800480769230769 0.6742788461538461 0.08653846153846154 0.1466346153846154
1 0.36538461538461536 0.6959134615384616 0.09134615384615384 0.1201923076923077
1 0.4651442307692308 0.6754807692307693 0.055288461538461536 0.06009615384615385
1 0.875 0.6165865384615384 0.03365384615384615 0.040865384615384616
1 0.5649038461538461 0.6610576923076923 0.07451923076923077 0.057692307692307696
1 0.5132211538461539 0.6189903846153846 0.0625 0.07692307692307693