1 0.65625 0.39302884615384615 0.12740384615384615 0.25721153846153844
1 0.796875 0.43028846153846156 0.09375 0.15144230769230768
1 0.8701923076923077 0.3701923076923077 0.08413461538461539 0.1201923076923077
1 0.9471153846153846 0.47475961538461536 0.10576923076923077 0.15865384615384615
1 0.59375 0.8689903846153846 0.13221153846153846 0.18509615384615385
1 0.36658653846153844 0.9098557692307693 0.18990384615384615 0.18028846153846154
1 0.43509615384615385 0.42788461538461536 0.10336538461538461 0.13942307692307693
1 0.23076923076923078 0.47716346153846156 0.10576923076923077 0.12740384615384615
1 0.2776442307692308 0.40625 0.0985576923076923 0.1658653846153846
1 0.07211538461538461 0.45913461538461536 0.09375 0.13701923076923078
1 0.15865384615384615 0.18028846153846154 0.04807692307692308 0.06490384615384616
1 0.40865384615384615 0.26802884615384615 0.052884615384615384 0.08413461538461539
1 0.4483173076923077 0.2403846153846154 0.057692307692307696 0.07932692307692307
1 0.5228365384615384 0.22716346153846154 0.055288461538461536 0.0985576923076923
1 0.5709134615384616 0.27884615384615385 0.0673076923076923 0.10576923076923077
1 0.3425480769230769 0.23317307692307693 0.06009615384615385 0.09375
1 0.7415865384615384 0.2127403846153846 0.040865384615384616 0.06971153846153846
1 0.6586538461538461 0.17668269230769232 0.06490384615384616 0.07932692307692307