1 0.8100961538461539 0.8461538461538461 0.1466346153846154 0.18028846153846154
1 0.8581730769230769 0.5216346153846154 0.05048076923076923 0.04326923076923077
1 0.8161057692307693 0.515625 0.05048076923076923 0.057692307692307696
1 0.8425480769230769 0.46153846153846156 0.036057692307692304 0.05048076923076923
1 0.2692307692307692 0.9338942307692307 0.21634615384615385 0.13221153846153846
1 0.25240384615384615 0.8665865384615384 0.15144230769230768 0.13701923076923078
1 0.36538461538461536 0.7463942307692307 0.11057692307692307 0.15384615384615385
1 0.453125 0.7331730769230769 0.11057692307692307 0.12980769230769232
1 0.5360576923076923 0.6754807692307693 0.0625 0.0673076923076923
1 0.890625 0.46153846153846156 0.038461538461538464 0.04567307692307692
1 0.6225961538461539 0.6237980769230769 0.08173076923076923 0.06971153846153846
1 0.5576923076923077 0.6045673076923077 0.07451923076923077 0.08413461538461539