1 0.3918269230769231 0.6117788461538461 0.10817307692307693 0.15625
1 0.5048076923076923 0.6334134615384616 0.07692307692307693 0.11538461538461539
1 0.6358173076923077 0.6935096153846154 0.125 0.14903846153846154
1 0.7956730769230769 0.8100961538461539 0.16105769230769232 0.21153846153846154
1 0.9471153846153846 0.7355769230769231 0.10576923076923077 0.13942307692307693
1 0.9459134615384616 0.6802884615384616 0.10817307692307693 0.12980769230769232
1 0.6850961538461539 0.5564903846153846 0.13942307692307693 0.13942307692307693
1 0.6045673076923077 0.5637019230769231 0.07451923076923077 0.08653846153846154
1 0.5396634615384616 0.5 0.08173076923076923 0.08653846153846154
1 0.6201923076923077 0.484375 0.13221153846153846 0.11538461538461539
1 0.4735576923076923 0.46033653846153844 0.06971153846153846 0.06971153846153846
1 0.4182692307692308 0.4567307692307692 0.0625 0.0673076923076923
1 0.375 0.4026442307692308 0.06009615384615385 0.07692307692307693
1 0.28966346153846156 0.5721153846153846 0.12259615384615384 0.14423076923076922
1 0.27163461538461536 0.4795673076923077 0.10817307692307693 0.14182692307692307