1 0.6502403846153846 0.7451923076923077 0.15144230769230768 0.20192307692307693
1 0.84375 0.6658653846153846 0.06490384615384616 0.08653846153846154
1 0.7668269230769231 0.5997596153846154 0.052884615384615384 0.05048076923076923
1 0.7079326923076923 0.5540865384615384 0.04807692307692308 0.06971153846153846
1 0.5252403846153846 0.640625 0.0889423076923077 0.10336538461538461
1 0.49158653846153844 0.7764423076923077 0.125 0.14903846153846154
1 0.4362980769230769 0.6081730769230769 0.07451923076923077 0.06971153846153846
1 0.2439903846153846 0.8137019230769231 0.17067307692307693 0.17307692307692307
1 0.14302884615384615 0.6935096153846154 0.15865384615384615 0.12259615384615384
1 0.08173076923076923 0.7932692307692307 0.16346153846153846 0.16826923076923078
1 0.23197115384615385 0.5336538461538461 0.06971153846153846 0.057692307692307696
1 0.4879807692307692 0.5288461538461539 0.0625 0.052884615384615384
1 0.11778846153846154 0.5108173076923077 0.06971153846153846 0.07692307692307693
1 0.25721153846153844 0.5072115384615384 0.0625 0.07451923076923077
1 0.9086538461538461 0.6045673076923077 0.04807692307692308 0.06490384615384616
1 0.8389423076923077 0.5588942307692307 0.04326923076923077 0.06009615384615385
1 0.5901442307692307 0.4963942307692308 0.052884615384615384 0.040865384615384616
1 0.5060096153846154 0.49278846153846156 0.04567307692307692 0.05048076923076923
1 0.41947115384615385 0.4987980769230769 0.05048076923076923 0.05048076923076923