1 0.515625 0.7331730769230769 0.08653846153846154 0.13942307692307693
1 0.47475961538461536 0.6057692307692307 0.0673076923076923 0.09134615384615384
1 0.46153846153846156 0.4795673076923077 0.040865384615384616 0.06490384615384616
1 0.4182692307692308 0.4639423076923077 0.038461538461538464 0.06490384615384616
1 0.9290865384615384 0.6899038461538461 0.14182692307692307 0.22115384615384615
1 0.9254807692307693 0.48677884615384615 0.09375 0.0985576923076923
1 0.9615384615384616 0.42788461538461536 0.07692307692307693 0.12980769230769232
1 0.8473557692307693 0.4050480769230769 0.08653846153846154 0.07692307692307693
1 0.6310096153846154 0.49399038461538464 0.052884615384615384 0.07211538461538461
1 0.5721153846153846 0.49158653846153844 0.06490384615384616 0.09615384615384616
1 0.5637019230769231 0.44471153846153844 0.04567307692307692 0.0673076923076923
1 0.6526442307692307 0.46274038461538464 0.0673076923076923 0.09134615384615384
1 0.6899038461538461 0.4074519230769231 0.05048076923076923 0.0673076923076923
1 0.28966346153846156 0.5637019230769231 0.04567307692307692 0.06009615384615385
1 0.13341346153846154 0.7331730769230769 0.07451923076923077 0.11538461538461539
1 0.18990384615384615 0.5817307692307693 0.052884615384615384 0.07451923076923077
1 0.31009615384615385 0.4879807692307692 0.04807692307692308 0.07932692307692307
1 0.3545673076923077 0.44350961538461536 0.03125 0.04567307692307692
1 0.3293269230769231 0.4423076923076923 0.038461538461538464 0.055288461538461536
1 0.5 0.41225961538461536 0.040865384615384616 0.06971153846153846