1 0.6766826923076923 0.7800480769230769 0.20192307692307693 0.1971153846153846
1 0.4723557692307692 0.8954326923076923 0.24278846153846154 0.2091346153846154
1 0.22956730769230768 0.5420673076923077 0.12740384615384615 0.16105769230769232
1 0.27403846153846156 0.48677884615384615 0.10096153846153846 0.11778846153846154
1 0.4254807692307692 0.44350961538461536 0.13701923076923078 0.14903846153846154
1 0.08052884615384616 0.5805288461538461 0.125 0.12980769230769232
1 0.2932692307692308 0.31490384615384615 0.07692307692307693 0.07451923076923077
1 0.35697115384615385 0.3137019230769231 0.055288461538461536 0.06971153846153846
1 0.38461538461538464 0.27403846153846156 0.08413461538461539 0.08413461538461539
1 0.46875 0.26322115384615385 0.07451923076923077 0.08173076923076923
1 0.5204326923076923 0.2800480769230769 0.08413461538461539 0.09615384615384616
1 0.7716346153846154 0.3762019230769231 0.10096153846153846 0.11298076923076923
1 0.8353365384615384 0.28966346153846156 0.125 0.1466346153846154
1 0.9278846153846154 0.35697115384615385 0.12740384615384615 0.1466346153846154
1 0.7067307692307693 0.23677884615384615 0.11057692307692307 0.11538461538461539
1 0.5841346153846154 0.17668269230769232 0.08653846153846154 0.09615384615384616
1 0.6213942307692307 0.3737980769230769 0.17548076923076922 0.24278846153846154
1 0.47115384615384615 0.17067307692307693 0.06971153846153846 0.06971153846153846