1 0.5721153846153846 0.640625 0.08413461538461539 0.1201923076923077
1 0.5805288461538461 0.5625 0.0985576923076923 0.12740384615384615
1 0.49038461538461536 0.5540865384615384 0.06971153846153846 0.09375
1 0.5048076923076923 0.48677884615384615 0.05048076923076923 0.07932692307692307
1 0.47596153846153844 0.4338942307692308 0.0625 0.06971153846153846
1 0.4206730769230769 0.5324519230769231 0.06490384615384616 0.10817307692307693
1 0.25600961538461536 0.8377403846153846 0.13701923076923078 0.16105769230769232
1 0.1971153846153846 0.3786057692307692 0.10336538461538461 0.1658653846153846
1 0.11298076923076923 0.38221153846153844 0.08413461538461539 0.11057692307692307
1 0.3269230769230769 0.34134615384615385 0.040865384615384616 0.0673076923076923
1 0.5649038461538461 0.4567307692307692 0.057692307692307696 0.06490384615384616
1 0.7752403846153846 0.5084134615384616 0.07211538461538461 0.08653846153846154
1 0.8617788461538461 0.5985576923076923 0.0673076923076923 0.09375
1 0.9326923076923077 0.6971153846153846 0.09615384615384616 0.11057692307692307
1 0.8617788461538461 0.5673076923076923 0.08173076923076923 0.15144230769230768
1 0.8161057692307693 0.484375 0.04326923076923077 0.06490384615384616
1 0.7307692307692307 0.4567307692307692 0.04326923076923077 0.055288461538461536
1 0.7512019230769231 0.4326923076923077 0.03125 0.04326923076923077
1 0.6983173076923077 0.41346153846153844 0.038461538461538464 0.052884615384615384
1 0.5697115384615384 0.4026442307692308 0.036057692307692304 0.040865384615384616
1 0.5264423076923077 0.4110576923076923 0.040865384615384616 0.052884615384615384
1 0.265625 0.40384615384615385 0.04807692307692308 0.06971153846153846