1 0.203125 0.8966346153846154 0.09375 0.125
1 0.24759615384615385 0.8425480769230769 0.09375 0.1466346153846154
1 0.296875 0.8040865384615384 0.09375 0.15144230769230768
1 0.3485576923076923 0.7764423076923077 0.08173076923076923 0.1346153846153846
1 0.4014423076923077 0.7524038461538461 0.07932692307692307 0.1201923076923077
1 0.43028846153846156 0.7115384615384616 0.08173076923076923 0.11057692307692307
1 0.46274038461538464 0.6802884615384616 0.07211538461538461 0.11298076923076923
1 0.5036057692307693 0.6586538461538461 0.05048076923076923 0.1346153846153846
1 0.5444711538461539 0.6430288461538461 0.04326923076923077 0.1346153846153846
1 0.5901442307692307 0.609375 0.05048076923076923 0.08413461538461539
1 0.30408653846153844 0.6658653846153846 0.10576923076923077 0.07451923076923077
1 0.35697115384615385 0.5564903846153846 0.09375 0.055288461538461536
1 0.6394230769230769 0.8317307692307693 0.08653846153846154 0.10096153846153846
1 0.78125 0.6646634615384616 0.07451923076923077 0.09134615384615384
1 0.8149038461538461 0.8076923076923077 0.08413461538461539 0.11057692307692307
1 0.7079326923076923 0.9507211538461539 0.12259615384615384 0.0985576923076923
1 0.5721153846153846 0.9146634615384616 0.11778846153846154 0.12980769230769232
1 0.6911057692307693 0.7644230769230769 0.0985576923076923 0.0889423076923077