1 0.35096153846153844 0.5432692307692307 0.09615384615384616 0.15384615384615385
1 0.4362980769230769 0.6177884615384616 0.0673076923076923 0.11298076923076923
1 0.5216346153846154 0.7355769230769231 0.11298076923076923 0.14423076923076922
1 0.6009615384615384 0.90625 0.14423076923076922 0.1875
1 0.7800480769230769 0.9350961538461539 0.125 0.12980769230769232
1 0.8064903846153846 0.8846153846153846 0.1201923076923077 0.1201923076923077
1 0.6322115384615384 0.640625 0.13221153846153846 0.12980769230769232
1 0.5588942307692307 0.6069711538461539 0.0673076923076923 0.08413461538461539
1 0.5336538461538461 0.5192307692307693 0.07692307692307693 0.08173076923076923
1 0.6117788461538461 0.5456730769230769 0.12740384615384615 0.10576923076923077
1 0.4963942307692308 0.453125 0.06490384615384616 0.06490384615384616
1 0.45072115384615385 0.421875 0.057692307692307696 0.0625
1 0.43990384615384615 0.35336538461538464 0.055288461538461536 0.07451923076923077
1 0.28125 0.4567307692307692 0.11298076923076923 0.13942307692307693
1 0.3125 0.36778846153846156 0.09615384615384616 0.13942307692307693