1 0.3245192307692308 0.6201923076923077 0.0985576923076923 0.12980769230769232
1 0.4014423076923077 0.5697115384615384 0.08653846153846154 0.14423076923076922
1 0.2764423076923077 0.46033653846153844 0.10576923076923077 0.21875
1 0.7668269230769231 0.578125 0.07932692307692307 0.10096153846153846
1 0.9387019230769231 0.6129807692307693 0.11057692307692307 0.125
1 0.9399038461538461 0.7103365384615384 0.1201923076923077 0.1658653846153846
1 0.9591346153846154 0.4675480769230769 0.08173076923076923 0.09134615384615384
1 0.6911057692307693 0.4651442307692308 0.06009615384615385 0.0889423076923077
1 0.6742788461538461 0.38100961538461536 0.055288461538461536 0.06490384615384616
1 0.4423076923076923 0.5216346153846154 0.09134615384615384 0.13701923076923078
1 0.21875 0.5973557692307693 0.038461538461538464 0.0985576923076923
1 0.19471153846153846 0.8004807692307693 0.06971153846153846 0.14423076923076922
1 0.3762019230769231 0.4182692307692308 0.07451923076923077 0.11778846153846154