1 0.3942307692307692 0.49399038461538464 0.09615384615384616 0.0889423076923077
1 0.5853365384615384 0.6598557692307693 0.18509615384615385 0.1875
1 0.48197115384615385 0.890625 0.1971153846153846 0.21634615384615385
1 0.7524038461538461 0.5480769230769231 0.09615384615384616 0.16826923076923078
1 0.9134615384615384 0.7259615384615384 0.11538461538461539 0.12740384615384615
1 0.9014423076923077 0.6538461538461539 0.09134615384615384 0.11057692307692307
1 0.5192307692307693 0.35216346153846156 0.038461538461538464 0.0673076923076923
1 0.47115384615384615 0.3641826923076923 0.04807692307692308 0.0625
1 0.5384615384615384 0.29447115384615385 0.038461538461538464 0.10576923076923077
1 0.5072115384615384 0.31009615384615385 0.0625 0.1201923076923077
1 0.2548076923076923 0.47836538461538464 0.057692307692307696 0.07211538461538461
1 0.15985576923076922 0.49158653846153844 0.038461538461538464 0.0673076923076923