1 0.12620192307692307 0.8197115384615384 0.16346153846153846 0.2644230769230769
1 0.13701923076923078 0.8461538461538461 0.1346153846153846 0.18990384615384615
1 0.2403846153846154 0.7572115384615384 0.14182692307692307 0.14423076923076922
1 0.3112980769230769 0.5913461538461539 0.07932692307692307 0.13221153846153846
1 0.38461538461538464 0.6850961538461539 0.10576923076923077 0.1778846153846154
1 0.3870192307692308 0.5649038461538461 0.10817307692307693 0.1201923076923077
1 0.4266826923076923 0.4807692307692308 0.07932692307692307 0.12980769230769232
1 0.4074519230769231 0.3762019230769231 0.06490384615384616 0.10817307692307693
1 0.3641826923076923 0.3954326923076923 0.055288461538461536 0.09134615384615384
1 0.47836538461538464 0.5901442307692307 0.09615384615384616 0.09615384615384616
1 0.5048076923076923 0.7367788461538461 0.15144230769230768 0.15625
1 0.5528846153846154 0.5600961538461539 0.09375 0.09615384615384616
1 0.6189903846153846 0.5877403846153846 0.12259615384615384 0.0985576923076923
1 0.2512019230769231 0.5829326923076923 0.08173076923076923 0.1201923076923077
1 0.171875 0.6286057692307693 0.0985576923076923 0.11298076923076923
1 0.1658653846153846 0.5108173076923077 0.10576923076923077 0.10817307692307693
1 0.28725961538461536 0.3605769230769231 0.06490384615384616 0.0889423076923077
1 0.6057692307692307 0.2932692307692308 0.08173076923076923 0.12259615384615384