1 0.21634615384615385 0.9182692307692307 0.1875 0.16346153846153846
1 0.1141826923076923 0.7704326923076923 0.11057692307692307 0.16826923076923078
1 0.08173076923076923 0.6153846153846154 0.10096153846153846 0.13221153846153846
1 0.20793269230769232 0.6466346153846154 0.10096153846153846 0.09375
1 0.3233173076923077 0.6598557692307693 0.09375 0.16105769230769232
1 0.3701923076923077 0.4987980769230769 0.06971153846153846 0.0673076923076923
1 0.3004807692307692 0.5228365384615384 0.08173076923076923 0.052884615384615384
1 0.4411057692307692 0.5492788461538461 0.07932692307692307 0.09134615384615384
1 0.5853365384615384 0.6177884615384616 0.06009615384615385 0.08173076923076923
1 0.6394230769230769 0.7512019230769231 0.07451923076923077 0.10576923076923077
1 0.7223557692307693 0.7944711538461539 0.07932692307692307 0.14182692307692307
1 0.9867788461538461 0.6514423076923077 0.026442307692307692 0.15384615384615385
1 0.9134615384615384 0.5204326923076923 0.07692307692307693 0.0985576923076923
1 0.84375 0.6766826923076923 0.125 0.14423076923076922
1 0.21995192307692307 0.5396634615384616 0.08173076923076923 0.07211538461538461
1 0.6045673076923077 0.5240384615384616 0.06009615384615385 0.0889423076923077
1 0.6706730769230769 0.8557692307692307 0.08173076923076923 0.13701923076923078
1 0.7524038461538461 0.43990384615384615 0.07211538461538461 0.08653846153846154
1 0.6959134615384616 0.5576923076923077 0.07211538461538461 0.0673076923076923
1 0.6658653846153846 0.5072115384615384 0.04567307692307692 0.07692307692307693