1 0.36899038461538464 0.8629807692307693 0.057692307692307696 0.07692307692307693
1 0.4375 0.8569711538461539 0.06971153846153846 0.07692307692307693
1 0.30288461538461536 0.8569711538461539 0.06490384615384616 0.0625
1 0.3389423076923077 0.8329326923076923 0.03365384615384615 0.052884615384615384
1 0.2956730769230769 0.7884615384615384 0.05048076923076923 0.07451923076923077
1 0.27884615384615385 0.8269230769230769 0.06971153846153846 0.07211538461538461
1 0.21033653846153846 0.6129807692307693 0.03125 0.055288461538461536
1 0.6826923076923077 0.8317307692307693 0.055288461538461536 0.05048076923076923
1 0.7800480769230769 0.8557692307692307 0.0625 0.0625
1 0.9495192307692307 0.8942307692307693 0.07692307692307693 0.07692307692307693
1 0.5576923076923077 0.7932692307692307 0.0673076923076923 0.06009615384615385
1 0.46153846153846156 0.7548076923076923 0.052884615384615384 0.057692307692307696