1 0.7247596153846154 0.6790865384615384 0.15144230769230768 0.20192307692307693
1 0.8798076923076923 0.5384615384615384 0.06490384615384616 0.08653846153846154
1 0.7848557692307693 0.5024038461538461 0.052884615384615384 0.05048076923076923
1 0.7139423076923077 0.4795673076923077 0.04807692307692308 0.06971153846153846
1 0.5721153846153846 0.6237980769230769 0.0889423076923077 0.10336538461538461
1 0.5865384615384616 0.7632211538461539 0.125 0.14903846153846154
1 0.47716346153846156 0.6237980769230769 0.07451923076923077 0.06971153846153846
1 0.36778846153846156 0.8822115384615384 0.17067307692307693 0.17307692307692307
1 0.22956730769230768 0.8040865384615384 0.15865384615384615 0.12259615384615384
1 0.1875 0.9206730769230769 0.20673076923076922 0.15865384615384615
1 0.25961538461538464 0.6225961538461539 0.06971153846153846 0.057692307692307696
1 0.49759615384615385 0.53125 0.0625 0.052884615384615384
1 0.14423076923076922 0.640625 0.06971153846153846 0.07692307692307693
1 0.27403846153846156 0.5901442307692307 0.0625 0.07451923076923077
1 0.9194711538461539 0.45913461538461536 0.04807692307692308 0.06490384615384616
1 0.8377403846153846 0.4387019230769231 0.04326923076923077 0.06009615384615385
1 0.5829326923076923 0.46634615384615385 0.052884615384615384 0.040865384615384616
1 0.5036057692307693 0.49038461538461536 0.04567307692307692 0.05048076923076923
1 0.42427884615384615 0.5264423076923077 0.05048076923076923 0.05048076923076923