1 0.38221153846153844 0.8389423076923077 0.16105769230769232 0.19471153846153846
1 0.16947115384615385 0.7788461538461539 0.10817307692307693 0.18269230769230768
1 0.29086538461538464 0.6526442307692307 0.09134615384615384 0.16346153846153846
1 0.3329326923076923 0.5564903846153846 0.07451923076923077 0.12740384615384615
1 0.4170673076923077 0.6189903846153846 0.10336538461538461 0.10576923076923077
1 0.5048076923076923 0.6346153846153846 0.09375 0.10336538461538461
1 0.5901442307692307 0.625 0.0889423076923077 0.0985576923076923
1 0.6730769230769231 0.5288461538461539 0.0625 0.0889423076923077
1 0.5745192307692307 0.5276442307692307 0.08413461538461539 0.11778846153846154
1 0.4795673076923077 0.5673076923076923 0.10576923076923077 0.08653846153846154
1 0.22355769230769232 0.5625 0.10096153846153846 0.09615384615384616
1 0.10096153846153846 0.6069711538461539 0.12980769230769232 0.0985576923076923
1 0.11899038461538461 0.5504807692307693 0.10096153846153846 0.0673076923076923
1 0.140625 0.49158653846153844 0.09375 0.08413461538461539
1 0.10576923076923077 0.44591346153846156 0.0889423076923077 0.10817307692307693
1 0.025240384615384616 0.5384615384615384 0.05048076923076923 0.13942307692307693
1 0.25600961538461536 0.34615384615384615 0.06490384615384616 0.06009615384615385
1 0.2824519230769231 0.39783653846153844 0.0673076923076923 0.09375
1 0.35697115384615385 0.32572115384615385 0.052884615384615384 0.09615384615384616
1 0.4338942307692308 0.3329326923076923 0.04807692307692308 0.055288461538461536
1 0.4098557692307692 0.4338942307692308 0.055288461538461536 0.07692307692307693
1 0.42788461538461536 0.4735576923076923 0.06490384615384616 0.11778846153846154
1 0.4831730769230769 0.44591346153846156 0.05048076923076923 0.07932692307692307
1 0.5504807692307693 0.3701923076923077 0.04326923076923077 0.057692307692307696
1 0.6610576923076923 0.37259615384615385 0.038461538461538464 0.052884615384615384
1 0.5444711538461539 0.31971153846153844 0.03365384615384615 0.05048076923076923
1 0.71875 0.6778846153846154 0.10576923076923077 0.12740384615384615
1 0.7716346153846154 0.9206730769230769 0.14423076923076922 0.15865384615384615
1 0.8653846153846154 0.9098557692307693 0.14423076923076922 0.18028846153846154
1 0.8894230769230769 0.7319711538461539 0.0985576923076923 0.11057692307692307
1 0.9314903846153846 0.6706730769230769 0.10336538461538461 0.11538461538461539