1 0.13341346153846154 0.8329326923076923 0.11538461538461539 0.13942307692307693
1 0.18629807692307693 0.7884615384615384 0.1201923076923077 0.16105769230769232
1 0.24158653846153846 0.7596153846153846 0.1201923076923077 0.1658653846153846
1 0.2980769230769231 0.7427884615384616 0.10576923076923077 0.1466346153846154
1 0.3557692307692308 0.7283653846153846 0.10096153846153846 0.13221153846153846
1 0.390625 0.6947115384615384 0.10096153846153846 0.12259615384615384
1 0.42908653846153844 0.6706730769230769 0.09134615384615384 0.125
1 0.4723557692307692 0.65625 0.07451923076923077 0.14182692307692307
1 0.5168269230769231 0.6490384615384616 0.0673076923076923 0.13942307692307693
1 0.5685096153846154 0.625 0.06490384615384616 0.09134615384615384
1 0.27524038461538464 0.625 0.11778846153846154 0.09375
1 0.3485576923076923 0.5276442307692307 0.10096153846153846 0.07211538461538461
1 0.5733173076923077 0.8521634615384616 0.10336538461538461 0.11298076923076923
1 0.7439903846153846 0.7151442307692307 0.09134615384615384 0.10336538461538461
1 0.75 0.8617788461538461 0.10336538461538461 0.12259615384615384
1 0.6177884615384616 0.9615384615384616 0.13942307692307693 0.07692307692307693
1 0.49158653846153844 0.9206730769230769 0.13942307692307693 0.14903846153846154
1 0.6370192307692307 0.7956730769230769 0.11298076923076923 0.10576923076923077