1 0.3954326923076923 0.5144230769230769 0.11057692307692307 0.10576923076923077
1 0.6141826923076923 0.640625 0.21634615384615385 0.21875
1 0.5564903846153846 0.8810096153846154 0.23317307692307693 0.23798076923076922
1 0.7572115384615384 0.4987980769230769 0.125 0.18269230769230768
1 0.9399038461538461 0.6430288461538461 0.1201923076923077 0.1466346153846154
1 0.9230769230769231 0.5745192307692307 0.11057692307692307 0.125
1 0.49038461538461536 0.35096153846153844 0.052884615384615384 0.07451923076923077
1 0.44591346153846156 0.37259615384615385 0.057692307692307696 0.07211538461538461
1 0.4987980769230769 0.29086538461538464 0.057692307692307696 0.11057692307692307
1 0.47115384615384615 0.3125 0.08413461538461539 0.12980769230769232
1 0.2548076923076923 0.5252403846153846 0.07211538461538461 0.08173076923076923
1 0.16466346153846154 0.5564903846153846 0.05048076923076923 0.07211538461538461