1 0.5300480769230769 0.8569711538461539 0.16105769230769232 0.19471153846153846
1 0.3112980769230769 0.8894230769230769 0.10817307692307693 0.18269230769230768
1 0.3701923076923077 0.7235576923076923 0.09134615384615384 0.16346153846153846
1 0.3701923076923077 0.6201923076923077 0.07451923076923077 0.12740384615384615
1 0.4723557692307692 0.6418269230769231 0.10336538461538461 0.10576923076923077
1 0.5588942307692307 0.6213942307692307 0.09375 0.10336538461538461
1 0.6334134615384616 0.5769230769230769 0.0889423076923077 0.0985576923076923
1 0.6706730769230769 0.4567307692307692 0.0625 0.0889423076923077
1 0.5793269230769231 0.4951923076923077 0.08413461538461539 0.11778846153846154
1 0.5084134615384616 0.5697115384615384 0.10576923076923077 0.08653846153846154
1 0.27283653846153844 0.6694711538461539 0.10096153846153846 0.09615384615384616
1 0.17908653846153846 0.7596153846153846 0.12980769230769232 0.0985576923076923
1 0.17307692307692307 0.7007211538461539 0.10096153846153846 0.0673076923076923
1 0.16826923076923078 0.6382211538461539 0.09375 0.08413461538461539
1 0.11778846153846154 0.6105769230769231 0.0889423076923077 0.10817307692307693
1 0.06850961538461539 0.734375 0.08413461538461539 0.13942307692307693
1 0.21514423076923078 0.45913461538461536 0.06490384615384616 0.06009615384615385
1 0.25961538461538464 0.4963942307692308 0.0673076923076923 0.09375
1 0.2980769230769231 0.39903846153846156 0.052884615384615384 0.09615384615384616
1 0.3713942307692308 0.375 0.04807692307692308 0.055288461538461536
1 0.390625 0.47716346153846156 0.055288461538461536 0.07692307692307693
1 0.42427884615384615 0.5048076923076923 0.06490384615384616 0.11778846153846154
1 0.46274038461538464 0.4579326923076923 0.05048076923076923 0.07932692307692307
1 0.49399038461538464 0.36177884615384615 0.04326923076923077 0.057692307692307696
1 0.5949519230769231 0.3173076923076923 0.038461538461538464 0.052884615384615384
1 0.4675480769230769 0.3173076923076923 0.03365384615384615 0.05048076923076923
1 0.7728365384615384 0.5733173076923077 0.10576923076923077 0.12740384615384615
1 0.921875 0.78125 0.14423076923076922 0.17548076923076922
1 0.9663461538461539 0.7367788461538461 0.0673076923076923 0.20432692307692307
1 0.9495192307692307 0.5528846153846154 0.0985576923076923 0.11057692307692307
1 0.9555288461538461 0.47836538461538464 0.0889423076923077 0.11538461538461539