1 0.390625 0.6105769230769231 0.10576923076923077 0.15625
1 0.5024038461538461 0.6334134615384616 0.07451923076923077 0.11538461538461539
1 0.6322115384615384 0.6959134615384616 0.12259615384615384 0.14903846153846154
1 0.7896634615384616 0.8149038461538461 0.15865384615384615 0.21153846153846154
1 0.9447115384615384 0.7439903846153846 0.11057692307692307 0.13701923076923078
1 0.9447115384615384 0.6862980769230769 0.11057692307692307 0.12740384615384615
1 0.6838942307692307 0.5588942307692307 0.13942307692307693 0.13701923076923078
1 0.6033653846153846 0.5649038461538461 0.07211538461538461 0.08653846153846154
1 0.5396634615384616 0.5 0.07932692307692307 0.08653846153846154
1 0.6201923076923077 0.4855769230769231 0.13221153846153846 0.11538461538461539
1 0.4735576923076923 0.46033653846153844 0.0673076923076923 0.06971153846153846
1 0.4182692307692308 0.45552884615384615 0.0625 0.06490384615384616
1 0.3762019230769231 0.40024038461538464 0.06009615384615385 0.07451923076923077
1 0.28846153846153844 0.5685096153846154 0.12259615384615384 0.14423076923076922
1 0.27283653846153844 0.47475961538461536 0.10576923076923077 0.14182692307692307