1 0.44711538461538464 0.7271634615384616 0.055288461538461536 0.12980769230769232
1 0.44591346153846156 0.59375 0.05048076923076923 0.08173076923076923
1 0.46875 0.4699519230769231 0.026442307692307692 0.06009615384615385
1 0.4326923076923077 0.4411057692307692 0.021634615384615384 0.0625
1 0.8605769230769231 0.8088942307692307 0.10336538461538461 0.20192307692307693
1 0.9098557692307693 0.6117788461538461 0.07692307692307693 0.08173076923076923
1 0.9639423076923077 0.5685096153846154 0.052884615384615384 0.1201923076923077
1 0.859375 0.5108173076923077 0.07211538461538461 0.0625
1 0.6274038461538461 0.5324519230769231 0.036057692307692304 0.06490384615384616
1 0.5721153846153846 0.5132211538461539 0.04567307692307692 0.0889423076923077
1 0.578125 0.4651442307692308 0.028846153846153848 0.0625
1 0.6574519230769231 0.5084134615384616 0.04807692307692308 0.08173076923076923
1 0.7091346153846154 0.46634615384615385 0.036057692307692304 0.06009615384615385
1 0.2800480769230769 0.5 0.03365384615384615 0.052884615384615384
1 0.08052884615384616 0.6153846153846154 0.04807692307692308 0.10817307692307693
1 0.17908653846153846 0.48677884615384615 0.036057692307692304 0.0673076923076923
1 0.32211538461538464 0.4326923076923077 0.028846153846153848 0.07692307692307693
1 0.37740384615384615 0.40384615384615385 0.021634615384615384 0.040865384615384616
1 0.3545673076923077 0.3954326923076923 0.026442307692307692 0.05048076923076923
1 0.5252403846153846 0.41586538461538464 0.02403846153846154 0.06490384615384616