1 0.07211538461538461 0.7427884615384616 0.1201923076923077 0.2548076923076923
1 0.078125 0.7704326923076923 0.10576923076923077 0.18028846153846154
1 0.19591346153846154 0.703125 0.125 0.12740384615384615
1 0.2980769230769231 0.5540865384615384 0.057692307692307696 0.12980769230769232
1 0.35096153846153844 0.6598557692307693 0.07692307692307693 0.17307692307692307
1 0.3762019230769231 0.5420673076923077 0.09134615384615384 0.10817307692307693
1 0.43149038461538464 0.4675480769230769 0.057692307692307696 0.12740384615384615
1 0.4326923076923077 0.3605769230769231 0.04567307692307692 0.10336538461538461
1 0.3858173076923077 0.3713942307692308 0.040865384615384616 0.0889423076923077
1 0.46153846153846156 0.5841346153846154 0.08653846153846154 0.08413461538461539
1 0.45913461538461536 0.734375 0.13221153846153846 0.13701923076923078
1 0.5396634615384616 0.5697115384615384 0.08173076923076923 0.08413461538461539
1 0.5997596153846154 0.609375 0.11298076923076923 0.08173076923076923
1 0.2403846153846154 0.5348557692307693 0.0625 0.11298076923076923
1 0.15384615384615385 0.5637019230769231 0.08413461538461539 0.10336538461538461
1 0.17067307692307693 0.44591346153846156 0.09375 0.09615384615384616
1 0.31850961538461536 0.32211538461538464 0.052884615384615384 0.08413461538461539
1 0.6442307692307693 0.3173076923076923 0.0625 0.11778846153846154