1 0.3954326923076923 0.6514423076923077 0.2283653846153846 0.34375
1 0.7439903846153846 0.5697115384615384 0.3581730769230769 0.5216346153846154
1 0.5985576923076923 0.5877403846153846 0.15625 0.2764423076923077
1 0.17548076923076922 0.7115384615384616 0.17307692307692307 0.2764423076923077
1 0.11298076923076923 0.7403846153846154 0.2091346153846154 0.36538461538461536
1 0.3137019230769231 0.4074519230769231 0.0889423076923077 0.12980769230769232
1 0.41225961538461536 0.36177884615384615 0.11778846153846154 0.16826923076923078
1 0.7067307692307693 0.27163461538461536 0.07692307692307693 0.11057692307692307
1 0.5697115384615384 0.23798076923076922 0.06490384615384616 0.11538461538461539
1 0.9519230769230769 0.5492788461538461 0.09615384615384616 0.2668269230769231
1 0.9711538461538461 0.5721153846153846 0.057692307692307696 0.28846153846153844
1 0.9206730769230769 0.23197115384615385 0.0985576923076923 0.1778846153846154
1 0.036057692307692304 0.47475961538461536 0.07211538461538461 0.1466346153846154
1 0.13942307692307693 0.3918269230769231 0.10817307692307693 0.14423076923076922